[AJANI_DEFAULT]
1
97360
97361

[CHANDRA_DEFAULT]
2
97362
97363

[GARRUK_DEFAULT]
3
97364
97365

[JACE_DEFAULT]
4
97366
97367

[KEZZIK_DEFAULT]
5
97368
97369

[LILIANA_DEFAULT]
6
97370
97371

[MANDRED_DEFAULT]
7
97372
97373

[NEFAROX_DEFAULT]
8
97374
97375

[SARNEK_DEFAULT]
9
97376
97377

[TALKOS_DEFAULT]
10
97378
97379

[AZORIUS_DEFAULT]
12
97380
97381

[GOLGARI_DEFAULT]
13
97382
97383

[IZZET_DEFAULT]
14
97384
97385

[RAKDOS_DEFAULT]
15
97386
97387

[Wielding_Steel]
16
97388
97389

[199901]
199901
97360
97361

[199902]
199902
97360
97361

[199903]
199903
97360
97361

[199904]
199904
97360
97361

[199905]
199905
97360
97361

[199906]
199906
97360
97361

[199907]
199907
97360
97361

[199908]
199908
97360
97361

[199909]
199909
97360
97361

[199910]
199910
97360
97361

[199911]
199911
97360
97361

[199912]
199912
97360
97361

[199913]
199913
97360
97361

[199914]
199914
1999414
1999514

[199915]
199915
97360
97361

[199916]
199916
97360
97361

[199917]
199917
97360
97361

[199918]
199918
97360
97361

[199919]
199919
97360
97361

[199920]
199920
97360
97361

[TEETH_OF_THE_PREDATOR]
819290000
97360
97361

[HANDS_OF_FLAME]
819290001
97360
97361

[WINGS_OF_LIGHT]
819290002
97360
97361

[CLAWS_OF_VENGEANCE]
819290003
97360
97361

[THOUGHTS_OF_WIND]
819290004
97360
97361

[EARS_OF_THE_ELVES]
819290005
97360
97361

[SCALES_OF_FURY]
819290006
97360
97361

[EYES_OF_SHADOW]
819290007
97360
97361

[MIND_OF_VOID]
819290008
97360
97361

[CRIES_OF_RAGE]
819290009
97360
97361

[RELICS_OF_DOOM]
819290010
97360
97361

[EONS_OF_EVIL]
819290011
97360
97361

[HEAT_OF_BATTLE]
819290012
97360
97361

[HEART_OF_WORLDS]
819290013
97360
97361

[MASTER_OF_SHADOWS]
819290014
97360
97361

[ROOT_OF_THE_FIREMIND]
819290015
97360
97361

[WEAPONS_OF_THE_WARRIOR]
819290016
97360
97361

[EDGE_OF_MADNESS]
819290017
97360
97361

[D12GARRUK]
882
97300
97301

[D12JURA]
890
97302
97303

[D12JACE]
885
97304
97305

[KOTH_OLD_DEFAULT]
881
97306
97307

[D12NISSA]
889
97308
97309

[D12KIORA]
884
97310
97311

[D12SARKHAN]
886
97312
97313

[D12SORIN]
888
97314
97315

[D12TEZZ]
883
97316
97317

[D12CHANDRA]
887
97318
97319

[C13_AZORIUS_DEFAULT]
892
49410
49410

[C13_GOLGARI_DEFAULT]
893
49411
49411

[C13_IZZET_DEFAULT]
894
49412
49412

[C13_RAKDOS_DEFAULT]
895
49413
49413

[C13_SELESNYA_DEFAULT]
896
49414
49414

[D12AOD]
795
49415
49415

[D12BEKNIGHTED]
797
49416
49416

[D12DD]
794
49417
49417

[D12GK]
792
49418
49418

[D12RAKKA]
796
49419
49419

[D12SE]
793
49420
49420

[D13_GNS]
898
49421
49421

[D13_GRISEL]
897
49422
49422

[D13_HYPNO_DEFAULT]
899
49423
49423

[D13_MERF_DEFAULT]
900
49424
49424

[D13_MESA_DEFAULT]
798
49425
49425

[D13_TITANRAMP_DEFAULT]
800
49426
49426

[D13_URA_DEFAULT]
880
49427
49427

[D13_VERDE_DEFAULT]
799
49428
49428
