[AJANI_DEFAULT]
1
97360
97361

[CHANDRA_DEFAULT]
2
97362
97363

[GARRUK_DEFAULT]
3
97364
97365

[JACE_DEFAULT]
4
97366
97367

[KEZZIK_DEFAULT]
5
97368
97369

[LILIANA_DEFAULT]
6
97370
97371

[MANDRED_DEFAULT]
7
97372
97373

[NEFAROX_DEFAULT]
8
97374
97375

[SARNEK_DEFAULT]
9
97376
97377

[TALKOS_DEFAULT]
10
97378
97379

[AZORIUS_DEFAULT]
12
97380
97381

[GOLGARI_DEFAULT]
13
97382
97383

[IZZET_DEFAULT]
14
97384
97385

[RAKDOS_DEFAULT]
15
97386
97387

[Wielding_Steel]
16
97388
97389

[199901]
199901
1999401
1999501

[199902]
199902
1999402
1999502

[199903]
199903
1999403
1999503

[199904]
199904
1999404
1999504

[199905]
199905
1999405
1999505

[199906]
199906
1999406
1999506

[199907]
199907
1999407
1999507

[199908]
199908
1999408
1999508

[199909]
199909
1999409
1999509

[199910]
199910
1999410
1999510

[199911]
199911
1999411
1999511

[199912]
199912
1999412
1999512

[199913]
199913
1999413
1999513

[199914]
199914
1999414
1999514

[199915]
199915
1999415
1999515

[199916]
199916
1999416
1999516

[199917]
199917
1999417
1999517

[199918]
199918
1999418
1999518

[199919]
199919
1999419
1999519

[199920]
199920
1999420
1999520

[TEETH_OF_THE_PREDATOR]
819290000
819294000
819295000

[HANDS_OF_FLAME]
819290001
819294001
819295001

[WINGS_OF_LIGHT]
819290002
819294002
819295002

[CLAWS_OF_VENGEANCE]
819290003
819294003
819295003

[THOUGHTS_OF_WIND]
819290004
819294004
819295004

[EARS_OF_THE_ELVES]
819290005
819294005
819295005

[SCALES_OF_FURY]
819290006
819294006
819295006

[EYES_OF_SHADOW]
819290007
819294007
819295007

[MIND_OF_VOID]
819290008
819294008
819295008

[CRIES_OF_RAGE]
819290009
819294009
819295009

[RELICS_OF_DOOM]
819290010
819294010
819295010

[EONS_OF_EVIL]
819290011
819294011
819295011

[HEAT_OF_BATTLE]
819290012
819294012
819295012

[HEART_OF_WORLDS]
819290013
819294013
819295013

[MASTER_OF_SHADOWS]
819290014
819294014
819295014

[ROOT_OF_THE_FIREMIND]
819290015
819294015
819295015

[WEAPONS_OF_THE_WARRIOR]
819290016
819294016
819295016

[EDGE_OF_MADNESS]
819290017
819294017
819295017

[C13_AZORIUS_DEFAULT]
892
49410
49411

[C13_GOLGARI_DEFAULT]
893
49412
49413

[C13_IZZET_DEFAULT]
894
49414
49415

[C13_RAKDOS_DEFAULT]
895
49416
49417

[C13_SELESNYA_DEFAULT]
896
49418
49419

[D12AOD]
795
49420
49421

[D12BEKNIGHTED]
797
49422
49423

[D12CHANDRA]
887
97318
97319

[D12DD]
794
49424
49425

[D12GARRUK]
882
97300
97301

[D12GK]
792
49426
49427

[D12JACE]
885
97304
97305

[D12JURA]
890
97302
97303

[D12KIORA]
884
97310
97311

[D12NISSA]
889
97308
97309

[D12RAKKA]
796
49428
49429

[D12SARKHAN]
886
97312
97313

[D12SE]
793
49430
49431

[D12SORIN]
888
97314
97315

[D12TEZZ]
883
97316
97317

[D13_GNS]
898
49432
49433

[D13_GRISEL]
897
49434
49435

[D13_HYPNO_DEFAULT]
899
49436
49437

[D13_MERF_DEFAULT]
900
49438
49439

[D13_MESA_DEFAULT]
798
49440
49441

[D13_URA_DEFAULT]
880
49442
49443

[D13_VERDE_DEFAULT]
799
49444
49445

[KOTH_OLD_DEFAULT]
881
97306
97307
